[redshift]
temp-day=5700
temp-night=3500

transition=1

[manual]
lat=7.9972821
lon=-71.9181585
