[redshift]
temp-day=5700
temp-night=3500

transition=1

[manual]
lat=29.67734269999999
lon=-95.71945219999998
